45 20.25 5.14 0.7461728395061729
46 11.48 6.36 0.445993031358885
47 10.08 5.51 0.45337301587301587
48 27.99 10.5 0.6248660235798499
49 60.76 23.68 0.6102699144173799
50 21.18 12.17 0.42540132200188857
51 22.17 14.96 0.3252142534957149
52 8.27 3.76 0.5453446191051995
53 13.75 7.12 0.48218181818181816
54 18.38 4.51 0.7546245919477693
55 26.6 11.75 0.5582706766917294
56 12.88 6.42 0.501552795031056
57 17.63 6.13 0.6522972206466251
58 23.58 9.51 0.5966921119592875
59 10.9 6.88 0.3688073394495413
60 4.47 2.75 0.38478747203579416
61 16.85 9.32 0.44688427299703265
62 6.17 3.34 0.45867098865478123
63 14.03 5.52 0.6065573770491803
64 5.92 3.72 0.3716216216216216
65 11.94 7.3 0.38860971524288107
66 15.46 6.7 0.5666235446313067
67 7.36 3.52 0.5217391304347826
68 13.33 7.43 0.4426106526631658
69 9.62 3.52 0.6340956340956341
70 9.18 3.69 0.5980392156862746
71 10.86 4.99 0.5405156537753223
72 33.2 5.7 0.8283132530120483
73 9.89 5.28 0.4661274014155713
74 36.0 12.35 0.6569444444444444
75 no value
76 8.49 3.18 0.6254416961130742
77 16.05 4.35 0.7289719626168225
78 12.88 7.91 0.38586956521739135
79 10.47 5.71 0.454632282712512
80 29.3 7.82 0.7331058020477815
81 16.94 9.2 0.4569067296340024
82 17.24 9.6 0.44315545243619486
83 7.87 4.95 0.37102922490470136
84 9.23 4.28 0.5362946912242686
85 21.45 6.92 0.6773892773892773
86 13.4 6.68 0.5014925373134329
87 6.95 3.56 0.48776978417266187
88 17.94 11.37 0.36622073578595327
89 7.72 3.63 0.5297927461139896
90 26.1 12.13 0.5352490421455939
91 12.1 5.55 0.5413223140495868
92 17.59 8.37 0.5241614553723707
93 11.78 7.02 0.40407470288624786
94 23.9 7.59 0.6824267782426778
95 53.94 30.16 0.44086021505376344
96 10.69 5.79 0.4583723105706267
97 9.35 5.76 0.3839572192513369
98 17.2 12.43 0.2773255813953488
99 7.23 4.63 0.35961272475795303
100 8.55 5.54 0.35204678362573105
101 25.33 7.5 0.7039084090011843
102 5.38 3.26 0.3940520446096655
103 13.59 4.4 0.6762325239146431
104 11.76 6.29 0.4651360544217687
105 9.3 4.0 0.5698924731182796
106 11.28 5.23 0.5363475177304964
107 14.35 7.21 0.4975609756097561
108 17.25 4.06 0.7646376811594203
109 9.82 3.5 0.6435845213849287
110 25.47 14.15 0.4444444444444444
111 18.4 9.9 0.4619565217391304
112 19.1 5.79 0.6968586387434555
113 15.49 9.83 0.36539703034215626
114 23.17 7.59 0.6724212343547691
115 13.01 6.8 0.47732513451191394
116 15.31 6.66 0.5649902024820379
117 24.87 13.14 0.47165259348612787
118 10.2 5.12 0.49803921568627446
119 22.93 8.91 0.6114260793720018
120 60.73 29.58 0.512926066194632
121 10.83 5.31 0.5096952908587258
122 11.61 1.43 0.8768303186907839
123 12.9 8.03 0.3775193798449613
124 10.31 3.74 0.6372453928225025
125 15.24 6.72 0.5590551181102362
126 10.8 7.21 0.33240740740740743
127 17.19 7.43 0.5677719604421175
128 15.2 7.75 0.4901315789473684
129 13.95 6.82 0.5111111111111111
130 7.2 3.9 0.45833333333333337
131 3.65 1.98 0.4575342465753425
132 6.08 2.9 0.5230263157894737
133 6.07 3.96 0.3476112026359144
134 10.97 6.0 0.4530537830446673
135 9.6 4.73 0.5072916666666666
136 18.45 8.41 0.5441734417344173
137 14.6 5.21 0.643150684931507
138 21.91 13.01 0.4062072113190324
139 14.38 4.4 0.694019471488178
140 13.95 6.96 0.5010752688172043
141 8.67 3.9 0.5501730103806228
142 22.3 14.98 0.32825112107623317
143 14.8 2.97 0.7993243243243243
144 17.64 10.19 0.42233560090702954
145 6.84 3.26 0.5233918128654971
146 14.29 7.01 0.509447165850245
147 17.6 12.24 0.30454545454545456
148 13.33 4.8 0.6399099774943737
149 15.32 6.42 0.5809399477806788
150 12.68 5.8 0.5425867507886435
151 36.92 23.98 0.3504875406283857
152 8.92 5.1 0.4282511210762332
153 37.88 22.01 0.4189545934530095
154 4.02 2.87 0.28606965174129345
155 11.49 6.29 0.4525674499564839
156 14.89 8.8 0.4089993284083277
157 6.81 3.44 0.49486049926578557
158 18.23 8.05 0.5584201865057598
159 26.49 12.8 0.51679879199698
160 9.55 3.93 0.5884816753926703
161 13.9 6.33 0.5446043165467626
162 6.78 2.8 0.5870206489675517
163 8.52 4.33 0.49178403755868544
164 10.35 2.75 0.7342995169082126
165 7.17 3.63 0.49372384937238495
166 12.58 6.85 0.45548489666136727
167 13.79 5.87 0.574329224075417
168 13.76 9.01 0.345203488372093
169 7.38 4.12 0.4417344173441734
170 8.44 3.01 0.6433649289099526
171 20.29 5.71 0.7185805815672744
172 8.9 4.21 0.5269662921348315
173 16.88 10.3 0.3898104265402843
174 31.19 14.46 0.5363898685476114
175 12.35 3.2 0.7408906882591092
176 18.98 7.61 0.5990516332982087
177 6.52 3.36 0.48466257668711654
178 15.67 4.14 0.7358008934269306
179 45.38 31.4 0.30806522697223454
180 35.55 21.32 0.40028129395218
181 6.95 3.5 0.49640287769784175
182 13.8 5.63 0.5920289855072465
183 9.7 5.93 0.388659793814433
184 20.34 8.66 0.5742379547689282
185 9.48 5.04 0.46835443037974683
186 21.17 12.8 0.39537080774681155
187 12.54 7.85 0.37400318979266345
188 24.99 3.05 0.8779511804721888
189 19.88 12.0 0.3963782696177062
190 30.55 15.5 0.4926350245499182
191 11.22 7.05 0.37165775401069523
192 51.54 16.72 0.6755917733798992
193 17.99 9.43 0.47581989994441354
194 15.95 3.53 0.7786833855799373
195 8.99 3.81 0.5761957730812013
196 14.69 6.0 0.5915588835942818
197 13.98 7.78 0.4434907010014306
198 13.56 5.33 0.6069321533923304
199 18.8 7.05 0.625
200 21.86 6.33 0.7104300091491308
201 12.29 6.01 0.5109845402766476
202 20.0 10.96 0.45199999999999996
203 9.44 7.33 0.22351694915254233
204 4.5 3.14 0.30222222222222217
205 26.24 11.1 0.5769817073170732
206 7.27 4.28 0.4112792297111416
207 10.18 4.14 0.593320235756385
208 19.78 7.8 0.6056622851365016
209 16.1 6.54 0.5937888198757765
210 13.77 6.53 0.5257806826434277
211 9.98 4.38 0.561122244488978
212 23.35 10.18 0.5640256959314776
213 23.44 9.8 0.5819112627986348
214 9.88 5.06 0.48785425101214586
215 8.87 6.08 0.3145434047350619
216 9.8 6.3 0.3571428571428572
217 12.9 5.9 0.5426356589147286
218 5.63 2.45 0.5648312611012433
219 12.48 2.97 0.7620192307692307
220 9.12 3.19 0.6502192982456141
221 13.57 8.19 0.39646278555637443
222 24.48 11.48 0.5310457516339869
223 24.94 17.05 0.31635926222935046
224 12.8 5.24 0.590625
225 8.29 4.11 0.5042219541616404
226 8.17 4.75 0.4186046511627907
227 25.08 11.09 0.5578149920255183
228 6.51 3.27 0.49769585253456217
229 15.59 6.16 0.6048749198203976
230 74.76 26.93 0.6397806313536651
231 13.49 5.02 0.6278724981467755
232 13.1 6.99 0.466412213740458
233 15.93 9.9 0.37853107344632764
234 18.26 8.3 0.5454545454545454
235 16.48 5.88 0.6432038834951457
236 30.69 14.3 0.5340501792114696
237 13.36 8.52 0.36227544910179643
238 12.65 6.1 0.5177865612648221
239 5.87 3.26 0.44463373083475305
240 19.46 11.68 0.39979445015416243
241 23.2 8.02 0.6543103448275862
242 21.48 15.6 0.2737430167597766
243 11.88 5.13 0.5681818181818182
244 9.11 4.26 0.5323819978046103
245 11.37 4.56 0.5989445910290238
246 19.43 7.71 0.6031909418425115
247 15.41 6.09 0.6048020765736535
248 11.6 4.82 0.5844827586206897
249 9.38 4.11 0.5618336886993603
250 13.35 7.03 0.4734082397003745
251 19.7 9.06 0.5401015228426396
252 20.93 19.21 0.082178690874343
253 29.3 13.15 0.5511945392491467
254 14.27 10.05 0.2957252978276103
255 8.43 4.83 0.4270462633451957
256 5.52 2.81 0.4909420289855072
258 23.16 12.07 0.4788428324697755
259 8.08 2.65 0.672029702970297
260 18.71 2.59 0.8615713522180652
261 10.48 4.06 0.6125954198473283
262 21.53 12.16 0.4352066883418486
263 3.76 2.36 0.3723404255319149
264 17.3 6.93 0.5994219653179191
265 20.96 9.76 0.5343511450381679
266 4.97 3.45 0.3058350100603621
267 9.55 6.45 0.32460732984293195
268 34.8 13.45 0.6135057471264368
269 3.97 2.66 0.32997481108312343
270 11.98 4.08 0.659432387312187
271 46.24 14.16 0.6937716262975778
272 7.35 3.91 0.4680272108843537
273 30.9 10.38 0.6640776699029125
274 9.63 5.52 0.4267912772585671
275 18.57 13.75 0.25955842757135167
276 14.08 5.19 0.6313920454545455
277 7.49 3.98 0.46862483311081443
278 15.56 6.11 0.6073264781491002
279 14.07 8.53 0.3937455579246625
280 10.1 4.85 0.5198019801980198
281 33.8 19.07 0.4357988165680473
282 22.23 8.81 0.6036887089518669
283 7.1 3.64 0.4873239436619718
284 13.5 5.25 0.6111111111111112
285 14.7 5.6 0.6190476190476191
286 12.66 7.2 0.4312796208530806
287 46.68 26.3 0.4365895458440445
288 7.93 3.86 0.5132408575031526
289 14.14 6.26 0.5572842998585573
290 17.88 9.5 0.4686800894854586
291 11.12 4.42 0.6025179856115108
292 17.26 6.45 0.6263035921205099
293 17.96 10.6 0.4097995545657016
294 46.32 28.88 0.37651122625215894
295 14.08 6.2 0.5596590909090909
296 11.59 5.55 0.5211389128559103
297 11.59 5.57 0.5194132873166523
298 11.99 6.5 0.4578815679733111
299 18.86 11.8 0.37433722163308586
300 12.13 5.04 0.5845012366034625
301 19.63 8.42 0.5710646968925115
302 23.11 9.75 0.5781047165729122
303 8.97 4.82 0.46265328874024525
304 149.8 85.01 0.43251001335113487
305 6.45 2.54 0.6062015503875969
306 5.09 3.0 0.4106090373280943
307 16.91 4.68 0.7232406859846245
308 15.65 6.97 0.5546325878594249
309 15.79 12.47 0.21025965801139954
310 22.96 11.3 0.5078397212543554
311 26.66 17.27 0.35221305326331587
312 7.55 3.22 0.5735099337748345
313 33.88 19.53 0.4235537190082645
314 7.13 3.17 0.5553997194950911
315 33.15 12.41 0.6256410256410256
316 14.2 7.98 0.4380281690140844
317 13.39 9.35 0.30171769977595225
318 9.02 5.62 0.37694013303769397
319 17.91 13.78 0.23059743160245677
320 41.66 13.47 0.6766682669227077
321 14.39 5.67 0.6059763724808895
322 25.0 9.93 0.6028
323 10.78 1.19 0.8896103896103896
324 28.15 10.5 0.6269982238010657
325 6.6 3.36 0.4909090909090909
326 16.43 6.72 0.5909920876445527
327 12.83 7.8 0.392049883086516
328 8.55 5.05 0.4093567251461989
329 9.9 3.96 0.6
330 9.7 4.54 0.5319587628865979
331 15.8 6.62 0.5810126582278481
332 10.3 6.6 0.35922330097087385
333 18.99 11.2 0.41021590310689837
334 10.19 5.22 0.48773307163886165
335 39.87 16.28 0.5916729370453975
336 14.94 8.5 0.43105756358768405
337 6.55 3.03 0.5374045801526718
338 21.67 9.41 0.5657591139824643
339 12.99 6.77 0.4788298691301001
340 9.03 5.43 0.39867109634551495
341 27.99 9.91 0.645944980350125
342 10.01 3.41 0.6593406593406593
343 42.6 11.12 0.7389671361502348
344 8.53 4.62 0.4583821805392731
345 12.09 5.92 0.5103391232423491
346 29.8 10.9 0.634228187919463
347 8.2 3.61 0.5597560975609757
348 7.55 2.98 0.6052980132450332
349 9.54 5.24 0.450733752620545
350 15.98 5.62 0.6483103879849812
351 12.21 6.03 0.5061425061425061
352 62.78 40.03 0.36237655304237015
353 20.56 12.18 0.4075875486381323
354 22.54 6.84 0.6965394853593612
355 13.95 7.0 0.4982078853046595
356 34.0 8.95 0.736764705882353
357 11.58 6.01 0.48100172711571676
358 19.26 13.03 0.32346832814122545
359 41.75 17.62 0.5779640718562874
360 9.4 4.76 0.4936170212765958
361 7.36 3.8 0.4836956521739131
362 37.88 16.99 0.551478352692714
363 10.44 5.25 0.49712643678160917
364 16.98 7.33 0.5683156654888104
365 43.48 12.05 0.7228610855565777
366 33.13 9.95 0.6996679746453366
367 12.13 5.12 0.5779060181368508
368 38.58 19.28 0.5002592016588906
369 12.78 7.0 0.4522691705790297
370 35.74 11.61 0.6751538891997761
371 56.5 22.7 0.5982300884955751
372 26.95 15.78 0.41447124304267163
373 17.14 11.74 0.31505250875145857
374 7.24 3.61 0.5013812154696133
375 9.58 4.9 0.48851774530271397
376 19.44 10.68 0.45061728395061734
377 11.66 6.08 0.47855917667238423
378 15.37 6.0 0.6096291476903057
379 7.7 3.09 0.5987012987012987
380 21.82 11.67 0.46516956920256647
381 11.21 5.65 0.495985727029438
382 25.36 13.48 0.46845425867507884
383 23.5 14.01 0.40382978723404256
384 35.1 15.95 0.5455840455840456
385 7.0 3.41 0.5128571428571428
386 14.14 6.31 0.5537482319660538
387 21.65 9.88 0.5436489607390299
388 11.4 5.08 0.5543859649122808
389 30.14 11.77 0.6094890510948905
390 10.46 5.53 0.47131931166347996
391 17.9 10.53 0.411731843575419
392 7.95 3.15 0.6037735849056605
393 38.35 22.82 0.4049543676662321
394 14.45 9.41 0.3487889273356401
395 18.18 9.2 0.49394939493949397
396 25.81 17.37 0.3270050368074389
397 7.83 4.43 0.43422733077905495
398 15.8 4.87 0.6917721518987341
399 26.06 14.97 0.4255564082885648
400 7.63 2.94 0.6146788990825688
401 18.99 8.68 0.5429173249078462
402 11.61 7.2 0.37984496124031003
403 13.28 8.19 0.3832831325301205
404 8.18 5.14 0.37163814180929094
405 33.87 17.22 0.491585473870682
406 8.78 5.16 0.4123006833712983
407 30.67 12.2 0.602217150309749
408 15.8 11.21 0.29050632911392404
409 42.3 16.5 0.6099290780141844
410 31.24 16.23 0.48047375160051214
411 34.82 23.14 0.33543940264215966
412 18.7 14.4 0.22994652406417107
413 12.4 4.7 0.6209677419354839
414 21.46 11.38 0.46971109040074555
415 44.59 28.9 0.3518726171787397
416 11.84 5.14 0.5658783783783784
417 15.5 7.99 0.48451612903225805
418 10.58 2.96 0.720226843100189
419 21.49 10.3 0.5207073057235923
420 7.18 3.42 0.5236768802228412
421 7.25 3.54 0.5117241379310344
422 36.07 16.63 0.5389520377044635
423 14.8 9.33 0.3695945945945946
424 20.68 9.72 0.5299806576402321
425 10.12 4.33 0.5721343873517786
426 6.64 3.24 0.5120481927710843
427 34.87 5.89 0.8310868941783768
428 13.8 6.68 0.5159420289855073
429 4.12 2.23 0.4587378640776699
430 18.32 10.83 0.4088427947598253
431 11.55 5.44 0.529004329004329
432 15.88 6.35 0.600125944584383
433 9.98 5.47 0.4519038076152305
434 15.29 7.47 0.5114453891432309
435 19.65 7.36 0.6254452926208651
436 6.8 4.24 0.37647058823529406
437 7.45 4.17 0.44026845637583895
438 8.54 5.5 0.35597189695550346
439 30.14 15.8 0.4757796947577969
440 24.92 9.65 0.612760834670947
441 13.66 6.68 0.5109809663250366
442 13.28 9.79 0.26280120481927716
443 9.96 6.42 0.35542168674698804
444 17.08 9.4 0.44964871194379386
445 17.4 8.44 0.5149425287356322
446 14.88 6.15 0.5866935483870968
447 8.68 2.94 0.6612903225806452
448 11.42 6.37 0.4422066549912434
449 23.48 9.81 0.5821976149914821
450 26.78 17.08 0.3622106049290516
451 33.47 5.85 0.8252166118912458
452 8.42 3.71 0.5593824228028503
453 9.08 4.96 0.4537444933920705
454 15.24 4.97 0.6738845144356955
455 14.69 5.25 0.6426140231449966
456 26.12 14.79 0.4337672281776417
457 18.42 7.42 0.5971769815418024
458 28.0 10.4 0.6285714285714287
459 14.68 11.23 0.23501362397820158
460 103.49 29.75 0.7125326118465553
461 13.49 4.41 0.6730911786508524
462 38.5 17.75 0.538961038961039
463 6.62 3.36 0.49244712990936557
464 39.33 9.2 0.7660818713450293
465 11.94 7.22 0.3953098827470687
466 87.4 36.5 0.5823798627002289
467 12.4 4.94 0.6016129032258064
468 28.92 14.21 0.5086445366528354
469 8.29 3.91 0.528347406513872
470 9.75 6.13 0.3712820512820513
471 5.78 2.83 0.5103806228373703
472 11.24 7.1 0.36832740213523135
473 14.54 5.49 0.6224209078404401
474 11.93 6.57 0.44928751047778703
475 28.08 15.6 0.4444444444444444
476 8.2 4.01 0.5109756097560976
477 4.93 3.3 0.3306288032454361
478 6.53 4.18 0.3598774885145483
479 12.6 5.02 0.6015873015873016
480 9.25 5.91 0.36108108108108106
481 7.04 3.13 0.5553977272727273
482 10.17 5.28 0.48082595870206485
483 7.08 3.84 0.4576271186440678
484 11.36 5.93 0.4779929577464789
485 29.84 22.59 0.24296246648793565
486 8.65 3.16 0.6346820809248555
487 6.52 3.45 0.4708588957055214
488 16.8 8.83 0.47440476190476194
489 7.45 2.92 0.6080536912751678
490 6.22 3.84 0.38263665594855306
491 15.86 9.24 0.4174022698612862
492 10.15 5.41 0.46699507389162564
493 17.1 9.4 0.45029239766081874
494 14.56 6.15 0.5776098901098901
495 4.68 2.76 0.41025641025641024
496 6.18 2.05 0.6682847896440129
497 22.61 8.33 0.631578947368421
498 3.86 2.09 0.4585492227979275
499 25.84 9.4 0.6362229102167182
500 12.59 6.08 0.517077045274027
501 11.53 3.58 0.6895056374674762
502 9.78 5.74 0.41308793456032716
503 7.24 3.09 0.5732044198895028
504 7.32 3.02 0.5874316939890711
505 3.39 1.77 0.4778761061946903
506 5.38 3.58 0.33457249070631967
507 30.78 12.85 0.5825211176088368
508 54.5 21.89 0.598348623853211
509 10.55 2.31 0.781042654028436
510 9.36 4.1 0.561965811965812
511 17.45 7.69 0.5593123209169053
512 20.48 9.2 0.55078125
513 12.8 6.21 0.51484375
514 9.49 5.16 0.45626975763962063
515 10.16 4.38 0.5688976377952756
516 6.42 3.35 0.4781931464174455
517 39.2 4.62 0.8821428571428572
518 18.88 7.19 0.6191737288135593
519 9.15 3.61 0.605464480874317
520 10.9 6.58 0.3963302752293578
521 11.04 5.8 0.4746376811594203
522 15.6 4.53 0.7096153846153846
523 6.92 2.92 0.5780346820809249
524 7.95 4.43 0.44276729559748434