300001 0.32113144758735446
300002 0.5364396654719235
300003 0.20484528663948187
300004 0.6921161825726141
300005 0.5780856423173804
300006 0.44881889763779526
300007 0.39875389408099693
300008 0.6603960396039604
300009 0.49599721545422903
300010 0.481150159744409
300011 0.5385674931129476
300012 0.1565217391304348
300013 0.5721544715447154
300014 0.5445445445445446
300015 0.36868884540117425
300016 0.24630261660978378
300017 0.3415106520335701
300018 0.49365628604382933
300019 0.5353846153846153
300020 0.4622823984526112
300021 0.4142692750287687
300022 0.4011379800853485
300023 0.6192592592592592
300024 0.2947777298230471
300025 0.5987590486039297
300026 0.2238805970149254
300027 0.47601476014760147
300028 0.9046454767726161
300029 0.44670050761421315
300030 0.5667155425219942
300031 0.41981981981981975
300032 0.7878787878787878
300033 0.4498902706656912
300034 0.37492537313432833
300035 0.5483319076133447
300036 0.058465286236297105
300037 0.30484693877551017
300038 0.7908393945350894
300039 0.332904884318766
300040 0.5475223395613322
300041 0.32842105263157895
300042 0.3286867204695525
300043 0.5619834710743802
300044 0.7302832244008713
300045 0.42062911485003657
300046 0.327148043565954
300047 0.20681818181818185
300048 0.5448154657293498
300049 0.4186851211072664
300050 0.5432811211871393
300051 0.4135753749013418
300052 0.4351145038167939
300053 0.4083333333333333
300054 0.41379310344827586
300055 0.5559947299077734
300056 0.5069084628670121
300057 0.5368589743589743
300058 0.3782816229116946
300059 0.24517261556465766
300060 0
300061 0.6544529262086514
300062 0.5758785942492013
300063 0.594147582697201
300064 0.6768010575016524
300065 0.4139100932994062
300066 0.46522411128284386
300067 0.35553047404063204
300068 0.3795978420794507
300069 0.7482758620689656
300070 0.4292903875188727
300071 0.632882882882883
300072 0.6611940298507464
300073 0.3545141646809638
300074 0.6386462882096069
300075 0.47051114023591095
300076 0.4822916666666667
300077 0.5130540376442015
300078 0.44417767106842737
300079 0.37543252595155713
300080 0.4187082405345212
300081 0.3878446115288221
300082 0.37456647398843934
300083 0.6206896551724138
300084 0.5438931297709924
300085 0.41919999999999996
300086 0.4476479514415781
300087 0.22797527047913443
300088 0.7224669603524229
300089 0.5709923664122137
300090 0.7627705627705628
300091 0.41771428571428576
300092 0.46736292428198434
300093 0.6119746689694876
300094 0.32
300095 0.5047867711053089
300096 0.5969696969696969
300097 0.6437235543018335
300098 0.5406060606060606
300099 0.4636871508379888
300100 0.6802305866395388
300101 0.3545410393394852
300102 0.4101382488479262
300103 0.6357421875
300104 0.7463768115942029
300105 0.5029797377830751
300106 0.41428571428571426
300107 0.31659619450317134
300108 0.20558882235528939
300109 0.6038069942452413
300110 0.7257668711656442
300111 0.35944700460829493
300112 0.4025297619047619
300113 0.37276422764227646
300114 0.2673410404624277
300115 0.7058980517747532
300116 0.8342585249801745
300117 0.5423728813559322
300118 0.549828178694158
300119 0.3644128113879004
300120 0.5516304347826088
300121 0.3471741637831603
300122 0.20344955489614241
300123 0.31609195402298845
300124 0.2600712523979173
300125 0.44980184940554824
300126 0.44831591173054586
300127 0.5114715189873418
300128 0.7227877838684417
300129 0.6129032258064515
300130 0.6245791245791245
300131 0.34654586636466594
300132 0.018477457501847747
300133 0.30309734513274345
300134 0.42702702702702705
300135 0.4386694386694386
300136 0.4213114754098361
300137 0.7443064182194618
300138 0.6005528680027644
300139 0.3442847364818617
300140 0.4880879657910812
300141 0.6171717171717171
300142 0.16038461538461546
300143 0.7064417177914111
300144 0.16696588868940762
300145 0.7601602747567258
300146 0.06760563380281696
300147 0.32890995260663514
300148 0.6615942028985508
300149 0.30912162162162166
300150 0.32938076416337286
300151 0.4471698113207547
300152 0.6491002570694088
300153 0.6282776349614395
300154 0.42359550561797754
300155 0.41729323308270677
300156 0.7031170158405724
300157 0.5438871473354232
300158 0.7814793901750423
300159 0.437928408225438
300160 0.4790096878363832
300161 0.49910152740341424
300162 0.5562969140950792
300163 0.559228650137741
300164 0.1370292887029289
300165 0.45833333333333337
300166 0.34562697576396206
300167 0.6878238341968912
300168 0.2820324005891016
300169 0.4648581997533909
300170 0.38352427714129833
300171 0.47890625000000003
300172 0.43258426966292135
300173 0.5767112509834776
300174 0.4370919881305639
300175 0.6231884057971014
300176 0.5736666666666667
300177 0.18312499999999998
300178 0.37047200878155867
300179 0.45935483870967736
300180 0.5773946360153257
300181 0.45818610129564197
300182 0.45136518771331063
300183 0.39163822525597275
300184 0.34652114597544337
300185 0.34892086330935246
300186 0
300187 0.20398009950248763
300188 0.4187878787878788
300189 0.4237995824634656
300190 0.6546623794212219
300191 0.3709342560553633
300192 0.3836898395721925
300193 0.31823085221143466
300194 0.4230254350736279
300195 0.36046511627906974
300196 0.6541450777202072
300197 0.6144501278772377
300198 0.6161825726141079
300199 0.4218033622007132
300200 0.45003445899379735
300201 0.562303664921466
300202 0.6135979729729729
300203 0.3094299973732598
300204 0.3711151736745886
300205 0.37413394919168586
300206 0.4433453237410071
300207 0.29860601614086574
300208 0.5912087912087911
300209 0.5627107215104518
300210 0.5296167247386759
300211 0.44516129032258067
300212 0.29874213836477975
300213 0.4393382352941177
300214 0.39136125654450254
300215 0.5366639806607575
300216 0.8595679012345679
300217 0.3577023498694517
300218 0.44434857635893005
300219 0.29166666666666674
300220 0.5170431211498974
300221 0.5350515463917526
300222 0.44244372990353703
300223 0.4490445859872612
300224 0.5908529048207664
300225 0.7056737588652482
300226 0.36895011169024566
300227 0.6744639376218324
300228 0.6214188267394269
300229 0.4023054755043229
300230 0.7240551889622077
300231 0.4592696629213483
300232 0.46610169491525427
300233 0.35665606542480693
300234 0.5622347949080623
300235 0.42705882352941177
300236 0.4039888682745825
300237 0.6032388663967612
300238 0.6081808396124866
300239 0.4621309370988446
300240 0.42122448979591837
300241 0.6443271767810026
300242 0.6062015503875969
300243 0.2637037037037037
300244 0.36922060766182296
300245 0.48045325779036824
300246 0.5415395049169209
300247 0.39011703511053314
300248 0.7112159329140461
300249 0.43939393939393934
300250 0.4090466926070038
300251 0.4108804581245526
300252 0.588235294117647
300253 0.07528409090909094
300254 0.516728624535316
300255 0.47789473684210526
300256 0.67
300257 0.41196172248803825
300258 0.25815523059617557
300259 0.7245409015025042
300260 0.4927152317880794
300261 0.5233265720081135
300262 0.5326184092940125
300263 0.4984802431610942
300264 0.3465011286681715
300265 0.5824863174354965
300266 0.8914484064373619
300267 0.6217672413793104
300268 0.6709191069875325
300269 0.6781888997078871
300270 0.4653846153846154
300271 0.3031865042174321
300272 0.4616519174041298
300273 0.5321173671689136
300274 0.6881340979267755
300275 0.5956175298804781
300276 0.3210741389375364
300277 0.5454545454545455
300278 0.7145263157894737
300279 0.5086455331412104
300280 0.09567567567567566
300281 0.6846105129829005
300282 0.4712305753884922
300283 0.4452644526445265
300284 0.5816852966466036
300285 0.18778004073319754
300286 0.6163003663003662
300287 0.4408602150537635
300288 0.5768068150590822
300289 0.4841328413284133
300290 0.4802578565672844
300291 0.6344485749690211
300292 0.4326647564469914
300293 0.42540322580645157
300294 0.1795738045738045
300295 0.5282125955587914
300296 0.6091603053435114
300297 0.3868312757201646
300298 0.48898678414096913
300299 0.6750663129973474
300300 0.4682819383259912
300301 0.4172366621067031
300302 0.44378346222486614
300303 0.39045553145336226
300304 0.678391959798995
300305 0.3804930332261522
300306 0.6653279785809907
300307 0.5097001763668431
300308 0.38658536585365855
300309 0.23950910530482977
300310 0.6177049180327869
300311 0.6360619469026548
300312 0.43063402385436284
300313 0.48042505592841167
300314 0.4637223974763407
300315 0.503623188405797
300316 0.5289287047405749
300317 0.7407071622846781
300318 0.4215189873417721
300319 0.3902932254802831
300320 0.763762462071955
300321 0.4968506854390515
300322 0.2993848257006152
300323 0.4922431865828093
300324 0.5130035696073432
300325 0.4759887005649718
300326 0.1897394136807818
300327 0.3781266631186801
300328 0.4648318042813456
300329 0.2591304347826087
300330 0.41369264384559357
300331 0.475068708284256
300332 0.4994462901439646
300333 0.40477914554670524
300334 0.6940451745379878
300335 0.6797634136037178
300336 0.7253317945758799
300337 0.525149190110827
300338 0.6398614851866102
300339 0.0795128939828081
300340 0.8297619047619048
300341 0.5106382978723404
300342 0.28152492668621704
300343 0.4174418604651163
300344 0.5738872403560832
300345 0.5152151101783841
300346 0.6233766233766234
300347 0.20526014865637499
300348 0.19474116680361545
300349 0.5719344842850819
300350 0.5897631779984721
300351 0.47868515665125827
300352 0.3841463414634146
300353 0.37854251012145756
300354 0.5037878787878788
300355 0.6460823373173971
300356 0.498620055197792
300357 0.343452380952381
300358 0.4275229357798166
300359 0.4792560801144492
300360 0.5656268393172454
300361 0
300362 0.42342857142857143
300363 0.4561824729891957
300364 0.6210045662100456
300365 0.5027683134582623
300366 0.43548387096774194
300367 0.5398058252427185
300368 0.5660777385159012
300369 0.382699868938401
300370 0.30232558139534893
300371 0.4642728904847397
300372 0.09302325581395345
300373 0.15666358879655287
300374 0.7050746268656716
300375 0.6944578313253013
300376 0.45890410958904104
300377 0.19465240641711223
300378 0.38882803943044913
300379 0.3053708439897698
300380 0.35058259081562715
300381 0.5617977528089887
300382 0.6120120120120119
300383 0.22952529994783524
300384 0.26058631921824105
300385 0.4884146341463414
300386 0.45411089866156795
300387 0.7114219114219114
300388 0.6536643026004728
300389 0.09967089797837335
300390 0.3388594164456233
300391 0.4702161307327358
300392 0.5533980582524272
300393 0.6825169092027055
300394 0.33130990415335465
300395 0.2210630899155489
300396 0.6355932203389831
300397 0.6412140575079872
300398 0.26184058529071996
300399 0.5730627306273063
300400 0.12729294052251247
300401 0.7058608727405514
300402 0.4880763116057234
300403 0.6889721627408995
300404 0.48634064080944345
300405 0.6481643356643356
300406 0.43155216284987274
300407 0.5829000577700751
300408 0.09562339095255613
300409 0.7284183994959041
300410 0.5188470066518848
300411 0.82264631043257
300412 0.4547770700636942
300413 0.17351398601398596
300414 0.42172413793103447
300415 0.60986301369863
300416 0.3554884189325277
300417 0.4425098554533509
300418 0.46725784447476126
300419 0.48525073746312686
300420 0.6032757051865332
300421 0.5032374100719424
300422 0.39586271744240714
300423 0.4030407343660356
300424 0.5794052195023265
300425 0.6928969359331476
300426 0.7077785564120532
300427 0.36461916461916466
300428 0.574609375
300429 0.26014760147601484
300430 0.8016374269005847
300431 0.6050558108995403
300432 0.7343228200371057
300433 0.7121249085142718
300434 0.3151326053042121
300435 0.4288939051918736
300436 0.47173447537473234
300437 0.26052889324191975
300438 0.5234616465299241
300439 0.37873134328358216
300440 0.6482558139534883
300441 0.6981481481481482
300442 0.46352530541012216
300443 0.6606060606060606
300444 0.6589180050718512
300445 0.38137164040778493
300446 0.49248591108328116
300447 0.546563643757625
300448 0.6093871217998449
300449 0.42980993664554845
300450 0.7302857142857143
300451 0.5587318087318087
300452 0.5784434836318716
300453 0.5825117873981998
300454 0.28529062870699873
300455 0.43823529411764706
300456 0.49850567842199633
300457 0.7860169491525424
300458 0.35466377440347074
300459 0.3876967095851216
300460 0.4711688311688312
300461 0.7077732320280538
300462 0.598780487804878
300463 0.19754768392370575
300464 0.3840186190845617
300465 0.3740219092331768
300466 0.6167400881057268
300467 0.4786440677966101
300468 0.7052992069214131
300469 0.6744530350386577
300470 0.04162633107454015
300471 0.5768817204301075
300472 0.4785553047404063
300473 0.3387470997679814
300474 0.3318571428571428
300475 0.4562394127611519
300476 0.5458049214349243
300477 0.7252551020408163
300478 0.6394117647058823
300479 0.5545622688039458
300480 0.41614906832298143
300481 0.6357694592988711
300482 0.5936046511627907
300483 0.38019946485040135
300484 0.6789250353606789
300485 0.654774972557629
300486 0.4866906474820144
300487 0.36952380952380953
300488 0.19144602851323828
300489 0.49738023952095806
300490 0.4831365935919055
300491 0.5988888888888889
300492 0.38199076449461256
300493 0.4490131578947368
300494 0.5200341005967605
300495 0.2662921348314607
300496 0.40261865793780693
300497 0.6479863221884499
300498 0.2534858777261351
300499 0.5679012345679012
300500 0.5585271317829458
300501 0.5839540327729305
300502 0.4996220710506425
300503 0.5662222222222222
300504 0.49457562220804085
300505 0.5895
300506 0.3750421585160202
300507 0.6052338530066814
300508 0.750200240288346
300509 0.7134279475982532
300510 0.2675287356321839
300511 0.7134482758620689
300512 0.36507936507936506
300513 0.37122969837587005
300514 0.7271186440677966
300515 0.49582637729549245
300516 0.5159528600172463
300517 0.4644007155635062
300518 0.3551559426805283
300519 0.4976009031893875
300520 0.5201729106628242
300521 0.777570093457944
300522 0.4397694524495677
300523 0.0607431783902373
300524 0
300525 0.6408620689655172
300526 0.5874836173001311
300527 0.7556313993174062
300528 0.4567436861902203
300529 0.1275688251260178
300530 0.35270049099836337
300531 0.36961071578066135
300532 0.6069798657718121
300533 0.6110980207351555
300534 0.5599577390385632
300535 0.7534391534391534
300536 0.6069975589910496
300537 0.5243851604835348
300538 0.5938712972420838
300539 0.44189189189189193
300540 0.6162565662150953
300541 0.6469992403140036
300542 0.66407616087041
300543 0.6526138279932546
300544 0
300545 0.7603098927294398
300546 0.2521875
300547 0.7075796083121543
300548 0.4538063562453806
300549 0.5825062034739454
300550 0.3484419263456091
300551 0.6809278350515463
300552 0.5764820687972677
300553 0.4126346540076684
300554 0.7675100843417675
300555 0.5472736368184091
300556 0.48822927328556803
300557 0.5130565470599285
300558 0.4532673782869044
300559 0.34596577017114916
300560 0.6938616938616938
300561 0.6614401858304298
300562 0.6049107142857143
300563 0.32706676307543986
300564 0
300565 0.550314465408805
300566 0.627039627039627
300567 0.5692645698427382
300568 0.4050206069689022
300569 0.6474376925231028
300570 0.38129996524157106
300571 0.603575592693354
300572 0.5008773640085786
300573 0.5425591882750845
300574 0
300575 0.43561819346572705
300576 0.41818181818181815
300577 0.5886099203919167
300578 0.6721951219512196
300579 0.5786212238574747
300580 0.3602219376867264
300581 0.7670739034648507
300582 0.5668639053254438
300583 0.2738187451587916
300584 0.5396280400572246
300585 0.6144496961512492
300586 0.6445837063563115
300587 0.48440258975868156
300588 0.7271241830065359
300589 0.6535714285714286
300590 0.36684350132626
300591 0.5517740767559739
300592 0.5823182711198428
300593 0.4708450265045214
300594 0
300595 0.5111887207347044
300596 0.03055742108797851
300597 0.410188679245283
300598 0.5817552804078661
300599 0.3634772462077013
300600 0.7189799760397056
300601 0.527927927927928
300602 0.43995163890381517
300603 0.46033024567055975
300604 0.42479035639412993
300605 0.5928306551297899
300606 0.47798576324808856
300607 0.45141065830721006
300608 0.5385898046688898
300609 0.5065115471436014
300610 0.5259033521985198
300611 0.497164461247637
300612 0.691877225707987
300613 0.5398859315589354
300614 0
300615 0.6200814111261872
300616 0.629661751951431
300617 0.6772714642956377
300618 0.6304297193431933
300619 0.6308266804017512
300620 0.1488328664799253
300621 0.5689045936395759
300622 0.47498528546203644
300623 0.6238611713665944
300624 0.5825879546809779
300625 0.44036979969183365
300626 0.755223880597015
300627 0.6540956403680797
300628 0.8086837691782097
300629 0.7108652826185786
300630 0.430625
300631 0.533
300632 0.5644504748982361
300633 0.3159224936815501
300634 0.4908794305205399
300635 0.7586459286367795
300636 0.5142276422764227
300637 0.24569732937685462
300638 0.4860152560842717
300639 0.791183574879227
300640 0.6905325443786982
300641 0.6933938477054967
300642 0.6360165975103734
300643 0.5070202808112324
300644 0.5252499683584357
300645 0.6325581395348837
300646 0
300647 0.32129514321295133
300648 0.7575286142904766
300649 0.7540106951871658
300650 0.7163120567375887
300651 0.13534361851332397
300652 0.4667556742323098
300653 0.30749083289680457
300654 0.6722932240173619
300655 0.541540609727717
300656 0.6206288097529676
300657 0.554117323051501
300658 0.6153439153439153
300659 0.626295226770851
300660 0.7455643173977329
300661 0.25339333672062136
300662 0.1785597914630173
300663 0.6184146930884485
300664 0.5137399463806971
300665 0.7342673949180718
300666 0.41177137672941716
300667 0.6440844378988709
300668 0.8021265822784811
300669 0.3366527465467395
300670 0.04610492845786968
300671 0.45558176100628933
300672 0.3380479102956167
300673 0.3132100396301189
300674 0
300675 0.4478574137277209
300676 0.7191877552578343
300677 0.777425491439442
300678 0.7579309603183138
300679 0.7870342089187539
300680 0.5764705882352941
300681 0.47772694437755836
300682 0.554248750367539
300683 0.6090724441435341
300684 0.02957918276072369
300685 0.5686229558306587
300686 0.6460688269279076
300687 0.6998491704374057
300688 0.5615281244000768
300689 0.578091244122506
300690 0.7577188058178107
300691 0.7645084356505609
300692 0.765763067245769
300693 0.7656000000000001
300694 0
300695 0.5934769146081332
300696 0.7551541331238956
300697 0.6919516585240422
300698 0.6574257425742575
300699 0.5978751127593465
300700 0.6552782729253317
300701 0.42673644148430073
300702 0.7722141823444283
300703 0.7132124775436878
300704 0
300705 0.6731234866828087
300706 0.6861999190611089
300707 0.6924675324675325
300708 0.615211970074813
300709 0.7091474245115453
300710 0.5681114551083591
300711 0.46420996818663834
300712 0.5823984043879332
300713 0.7887681159420289
300714 0
300715 0.637065637065637
300716 0.6235457063711911
300717 0.6616858237547893
300718 0.7058617058617059
300719 0.6206322795341098
300720 0.38066532708193795
300721 0.41698754246885616
300722 0.36000703482237073
300723 0.35533980582524266
300724 0.13396875827376228
300725 0.5825174825174825
300726 0.3424852071005917
300727 0.5513745369467732
300728 0
300729 0.3899463152757442
300730 0.6468802698145025
300731 0.43268892794376096
300732 0.65125
300733 0.4932014833127318
300734 0
300735 0.48928571428571427
300736 0.5726351351351352
300737 0.4853211009174312
300738 0.42274678111587977
300739 0.5754306594745084
300740 0.4912943495400789
300741 0.42535446205170974
300742 0.48521418701059416
300743 0.4610328638497653
300744 0
300745 0.49445153687518417
300746 0.4556962025316456
300747 0.24631111111111106